3934815116
3826244897
3593516164
4115311458
5567189176
7984690692
1176419495
7333320789
4802506941
5802165380
7901915127
6956687280
1702950460
7272413662
4488717394
8366219239
4566437840
6376126108
8109442870
2512765346
8698304387
8686107430
8142509330
6476542383
2725242458
1448093820
1779587049
1336369047
7898375230
9007386339
7768503690
6858965067
3234806867
4787980345
5903092091
1823407972
7267873410
8488287294
2747542775
1606071434
5838946933
4273349760
1502351482
2321101284
1568905874
6647101040
1348700734
3444177215
7261246661
4595806597
6692686934
8472998205
2204277014
2301423786
5818395733
6727509360
2316470329
5826415459
7684237712
6127124153
4642713001
9064305787
7359656463
6206494456
6368299105
7701155553
2963555515
3896716471
1219914606
3232209743
4306588239
5249064444
9588607114
4919033105
5115514759
7206076507
6696887264
7059906614
9569829479
3536654372
5047372900
7272158329
1728977875
4157654183
3684266420
3848192822
2492632296
8421689593
2955328338
3884946990
7652259714
3059454463
6837217169
2308960443
8789823769
8192149064
3416933256
3142425889
9396023590
1248606887
8666379964
1514270230
9326661294
8974931675
6902153040
6381577478
4358856846
6034735390
8238231654
6958829646
9699249295
6552793880
8868979734
7825864643
8294959640
8444681007
1076877717
3169766722
7023252913
5651140361
3585264569
8278528741
2083696962
6346293768
6805281502
7523526642
2878058528
3359436638
6679667028
9276155617
6346580329
6558240555
4747162441
2788705009
8214914738
4262660842
1153570918
4792748183
4918482157
4015828126
2258702400
5781065610
8381577555
4066094809
9701823537
8816610218
3203880181
7814607298
3401036652
6313661668
4444630712
8806608426
8475758483
3771524364
3235138744
5463925817
2583755405
8557526697
4804471788
8043850166
4503292699
9047960765
5328854555
2028912392
8411441738
2735078475
4675021081
2584850264
3102624346
9096336628
2894434289
3633713529
6615291825
8285022927
3685632661
5833735837
5139933912
1891705641
6644632632
4454009914
9297868746
7707024960
4877179424
9598069996
1078699268
2371021850
1002703630
6292282496
4076365406
5947508575
9666583263
6151415323
6539958581
9595539895
4357528435
7243121176
5575014309
2128331614
3892887730
8939299015
4163591243
3395767698
8446486613
4355101200
1389576079
8495924703
6557325415
2329570770
4629374688
4104494045
4192193087
5276736271
8569515807
7726505730
9235940293
7858915570
1392433520
7753922744
7549587248
7677539217
8845474366
6759696463
2984664451
8254222418
7533047571
2906003205
6626798688
4084859327
3974215250
4441773762
7115817409
4477739756
1234952083
3786447174
9284487776
3684000890
4375968494
6436260779
7828023995
8894326234
2336929035
4318460347
1727997290
9345119042
5085351998
5135450834
7027187075
2976360615
6659906220
9414379576
7716368604
9278925901
8961910502
7682311451
3228179425
9484047616
8385827392
5886546501
6377008342
3436639537
8686613036
3121314401
9866171741
4427852494
3898743566
7332921780
2311216364
9263040519
5201305828
9577867545
9867853854
6301145748
5038882819
9525903173
9717591556
1099786228
1833960715
5161048713
2829621241
1212716662
2473497451
9521872588
5785957906
9184098532
4618680386
8764904148
8014689600
9561634957
1916519825
8235294777
1728932350
2559591930
7256413937
8321751908
3802466044
4239868483
3436190367
5449697013
3964638055
9382134129
4662906047
5448073809
9986065256
4814685212
6655037969
5705545918
6566418760
7222400695
8174048916
8756577955
6392527196
8807958593
4536257767
4482461047
3703287734
6478286908
7704710088
7914571564
3232592933
5532304519
6024834883
2766010075
7341267160
1334028103
6029269176
2221585948
6922852276
6284846729
6295477238
3579824256
5803150163
6534143199
8613210507
9484268768
2868750430
8681171028
4806788564
1323561499
6063305322
6611357394
7337990649
6731402268
2007427304
2073428043
2317663136
2545897254
2323942590
4501061233
9784408833
2133581372
8352180677
4531483770
5133932947
7515824414
5884635627
2157303149
4798979651
9958097747
5807921087
7615887032
7377132051
5194372931
4579276164
9719911000
5043803165
5646741268
5109905020
4428271241
1251428049
7235053166
4779755650
2631546144
4549936596
7499056196
5616634635
3244546046
6343134598
7625249497
7794350954
9835374820
2857061962
8263402915
8334998732
1639292511
4866416251
2568826706
8947221892
8972388470
8812444869
7281036682
9081206854
1011679833
3696500300
2177949080
9146992635
9872770552
9673077559
2064116944
7181017532
2528415501
6374409027
8274026839
6167321740
8801959112
8986704562
6414084507
8116451419
6644005585
4094496447
3676339218
5626716977
7205007150
7676860905
3489154482
7446201474
1093829696
6842343297
7486172317
8175371198
5344319870
1143063878
5081506310
5621038059
3871074204
3969781375
8233023765
2649952892
4535783498
5018987398
3518232902
5885316698
2419032747
7571462928
7287861526
5398943914
2404382057
9303855568
3683638549
4691401979
8368386446
4316046796
4883432798
8194416005
8004927137
8241721270
8308438372
7157717665
4514750999
3256462881
4074854488
5546978408
7559457264
4569038306
4902014516
7304271097
9788785616
8037890653
8267559541
5618181807
7583516219
5698177408
4722101721
9383726490
4367139507
2192265797
7396031676
5058112872
8475323869
2068391346
3401604484
4803486242
1721455789
7804990827
6068344455
4887680785
8094027346
2455130085
9339821667
5712310034
5553195726
2736722929
3867119464
5836732574
9626858106
5596805069
6828171421
2558733933
8131596622
8235223577
1224404146
5721640045
5769861019
4887020980
6645096766
3752336013
7856426022
6599204613
7212447260
2753004076
6544227816
4989401007
4153537026
9783470978
9545183009
5028235033
8709976817
3243731566
4243741589
6888473284
5193285635
3379231047
9986307668
2535931972
3597149604
5677330551
4427710733
3532133075
3736507732
8618747963
1631540998
6797375969
5175775609
9839495541
4684999554
1685706233
5114547315
6907534287
5332221251
9191488228
9139939514
4743139421
6082707343
8774506556
6414733316
2524674850
1151648870
7291796212
4362698756
9449765765
4252152336
5245058594
8038719563
7832511372
1159525137
6105745553
6435881032
1699401422
9631244467
3762499400
1498125905
2991813609
9193926113
4087703468
2735269929
5275118135
6249829190
1158782171
7246897280
9208793298
9408826883
4872290608
4632495113
7434094684
4379030905
2073509704
3035550119
9906585612
6497152726
2333064313
9611040206
4472368274
2136499873
1117880081
5431442456
1323105185
8871570738
7658189046
8639430782
9409853630
7058640540
7182877489
2279971645
8762311196
7386510385
3195583621
4997777576
1754989615
8664560139
8177414893
6445457984
1721430994
2354591298
6169787782
7964775142
2245619078
9324971025
2156701801
2064516743
2089021782
8127919188
7862493632
7104104980
2285789678
1318884293
8383302435
2095104280
7173456296
8793710839
5522382061
2656556009
1276684973
1736942979
1946283551
1271781578
5333776925
5287775497
1912839987
8234636956
9708472985
9601038981
9233823356
4184107154
1623131604
2494481731
9391449757
4767786258
3301754227
9801301072
3544881001
8139869835
7196854557
2296075400
4321558676
7767621168
4321213998
1439670259
8045450907
7579620337
9473374142
6169755880
9766436330
7068201083
2008142463
7386992985
2757102023
2686076903
6146166089
6308601466
9882245962
8162334989
2205779251
7084036675
2258849261
7541984681
9717555451
6989244202
2411544188
6235284592
1431861507
4703712404
2345616493
3826140408
9749380667
8113304845
8284746559
6388256201
3251051172
3867370797
2238557858
9414574074
3221101507
8064557950
7508476035
2377534318
3341066060
4229863751
3782430652
3728684166
4618282051
3505333539
5482637593
7904119455
3534326247
7375391334
6555889036
2333610738
5096646527
5976183353
1753342379
8916439168
5105689615
7986958136
6951278435
7259410778
6299279560
8889791452
8538672790
9287115901
5099918759
6425869523
1607519068
8977264896
4612855330
8694492082
3079006168
8012861018
9892542615
1187211411
5986416466
2094144794
6815903302
2918221733
3405701779
1257430080
2842515530
7609985326
9008317737
6023342452
9501688143
7733983585
8806104493
3468473507
1698586289
2986271149
5384792030
4597178865
5402633558
6424693502
6057113688
7137641832
3381890204
8378540289
5965741219
1577568039
8514238431
1318225438
9945995888
8526905368
8344830906
6821441967
7401480038
6295219701
5669375452
2207185658
1437407950
5131232469
9483637289
4647659204
5751132972
2461696573
4075376207
8803150133
7103843869
2799071703
9454997525
8531036398
8852451700
2872351796
7106696601
6936992839
4078544283
6018602254
8449350766
5796913345
2381300959
1541484130
9173839390
9612108957
6563883012
5156458059
4599330292
8861498770
1065110865
7561152804
9608996552
8177027466
2198366370
9665931254
3588241475
1989318047
2302870103
6271839432
4565287692
2376580502
1865219429
1207513594
7816565191
6487479067
2228495118
7181112525
8842469825
7836673305
4573684921
7413110888
3386643259
5341297923
4016801650
8987336234
3503740642
3017935476
1055067817
6481231913
7251672403
1995649584
6106276953
7131321911
4278247886
4191613699
1948745028
9626406433
5833413727
4704815467
1606412435
6234845583
2507758081
4269354353
3393335999
5317469222
2786820169
4241953199
7978322426
8134234510
2496300665
8087505714
3118218057
3894940731
6226350552
3375394290
4263640376
4772720859
5985963841
7071557720
3852204718
8323658478
3526451422
6076443726
4362587939
9717846012
4493275306
5057422999
1459126970
2709861290
6973856351
2425664610
7781497819
6131302245
4948984605
7373931401
9841045669
3202243909
1381702432
1131486646
1485856262
9548572765
7586364893
3089022208
7677042959
7447284762
5308155916
6115613252
4495183292
4396872383
8899826402
5699405022
6921795728
5996031868
7019393438
1324498148
6415779093
1505584967
5339880901
4889521585
2113314571
4377668390
3763120567
3605157505
2078607597
6184313292
2126349456
6848498006
3589147055
1008537784
4487494151
2924140344
6148791722
9477125633
9134561332
2531333187
9007972002
9751742657
4568386676
2933056264
6392928032
2626797214
4445078669
2828785026
9583431972
2837686185
6012725636
5411335796
2116069615
3124579950
7893541475
7182212008
7422202935
1346992817
9153490963
3725901049
3909205492
9996299709
1527563680
3036423951
8426721447
5253908798
6862341366
7802738444
5586209429
9927203552
8813889985
2877714448
7982878148
9069064581
8925705995
7651895523
6926549992
5907314639
3346965887
3678775295
3371462029
8497758006
2337274439
6308860792
3566402015
8572978715
7866712556
7027803566
3253804614
4951224963
5249276258
7027156313
8972475649
7095976435
2873833816
4526800688
8658680645
1541124426
2026547409
4401789148
5111458390
5298977086
7657842270
1541856957
9461909285
8271166724
2974344093
3663693625
8247632033
9369018194
4593991147
2728084366
2549243773
5931568102
9714025495
2635959426
6257279342
6576299548
5626304693
6103317015
3788251088
7399377067
1049328167
1403215915
3071551363
5544369981
7763161112
8153295393
1424366170
1113328371
4646200982
2719854688
4416632126
5854713875
7106823890
9812688407
7367185546
2728593251
5198912070
7089661631
4962269491
3756956247
8882654694
7706186954
2209850888
5361570090
1231113873
4813768569
5131852434
9973833649
8521240619
4781286924
